$ANSIBLE_VAULT;1.1;AES256
35316435623866633366353732396663373431366130663435653339393032613331303734643233
6132643532363531353562356363383431383231613438630a373130396534363661633763376664
61306435373765366637656465663635656438366437383766376261613136353738343336323761
3037303263333463620a336234313537653664333631663236633833643133636532653230316162
34656531313830386637303261343664646265366339343032376134373365396638366632663164
39613333653539373165363139376138663133613034656639653339616233653161643663343065
64303233626232623337626138373961303766393435366437333239333663353965343666666235
36393134383435336664663063663664343736633331313635656137626163313736313062333637
37333538653766613565363361636262363635306162656238366133613666633837353534313039
62643939366332316235613238383238303936336662333530386134613565626135623862636232
32643231343166303132653062313833366534323438393737643562623265623636343761323134
63643830326531386137336632333665383433383734633361346135636630303838316432373265
31326136383063613961626234336432653633316631653761386530646231353534653931306631
39333665373031653961386262383338373662613761373562663162343164633663653635646531
30393736643237393331323032383638653165383833373261373362393965633565636632326533
38306434336232366165383433313531313034653466343836366537633137393863343561353930
37653139623064356632323830316239393065366262303063343336666539326564623639643639
36396133336234353663616662663339393839633766346133343737616232623963393034633636
66366563376235386131306466313863353939333665346538386366343739613535376332626433
64623963393162303836326532356634623837373438316239623865303134633038326637626138
30656232643766316261326663663438336665376134323061303966393364313766373234663763
37333432643462303435356631313034336139643833323631656263313431666565353430623630
32626532343761393663366161376565373732313238373565373962393364363464343537333532
64376433623038373962
